1467214724 0 50 1.240000e-012 0 0 0 0 1.587300e+004 0 0 0 0 0 1
1467214729 10 50 2.147000e-012 0 0 0 0 1.587300e+004 0 0 0 0 0 1
1467214735 20 50 3.326000e-012 0 0 0 0 1.587300e+004 0 0 0 0 0 1
1467214740 30 50 4.150000e-012 0 0 0 0 1.587300e+004 0 0 0 0 0 1
1467214746 40 50 4.045000e-012 0 0 0 0 1.587300e+004 0 0 0 0 0 1
1467214751 50 50 2.865000e-012 0 0 0 0 1.587300e+004 0 0 0 0 0 1
1467214756 60 50 1.443000e-012 0 0 0 0 1.587300e+004 0 0 0 0 0 1
1467214762 70 50 6.760000e-013 0 0 0 0 1.587300e+004 0 0 0 0 0 1
1467214767 80 50 2.610000e-013 0 0 0 0 1.587300e+004 0 0 0 0 0 1
1467214772 90 50 1.180000e-013 0 0 0 0 1.587300e+004 0 0 0 0 0 1
1467214778 100 50 5.500000e-014 0 0 0 0 1.587300e+004 0 0 0 0 0 1
