1467214937 0 60 1.273000e-012 0 0 0 0 1.587300e+004 0 0 0 0 0 1
1467214943 10 60 2.180000e-012 0 0 0 0 1.587300e+004 0 0 0 0 0 1
1467214948 20 60 3.503000e-012 0 0 0 0 1.587300e+004 0 0 0 0 0 1
1467214953 30 60 4.474000e-012 0 0 0 0 1.587300e+004 0 0 0 0 0 1
1467214959 40 60 4.585000e-012 0 0 0 0 1.587300e+004 0 0 0 0 0 1
1467214964 50 60 3.399000e-012 0 0 0 0 1.587300e+004 0 0 0 0 0 1
1467214970 60 60 1.922000e-012 0 0 0 0 1.587300e+004 0 0 0 0 0 1
1467214975 70 60 7.990000e-013 0 0 0 0 1.587300e+004 0 0 0 0 0 1
1467214980 80 60 2.830000e-013 0 0 0 0 1.587300e+004 0 0 0 0 0 1
1467214986 90 60 1.430000e-013 0 0 0 0 1.587300e+004 0 0 0 0 0 1
1467214991 100 60 6.800000e-014 0 0 0 0 1.587300e+004 0 0 0 0 0 1
