1467222879 0 60 3.888000e-012 0 0 0 0 1.587300e+004 0 0 0 0 0 1
1467222884 10 60 7.274000e-012 0 0 0 0 1.587300e+004 0 0 0 0 0 1
1467222890 20 60 1.238000e-011 0 0 0 0 1.587300e+004 0 0 0 0 0 1
1467222895 30 60 1.723000e-011 0 0 0 0 1.587300e+004 0 0 0 0 0 1
1467222900 40 60 1.879000e-011 0 0 0 0 1.587300e+004 0 0 0 0 0 1
1467222906 50 60 1.492000e-011 0 0 0 0 1.587300e+004 0 0 0 0 0 1
1467222911 60 60 8.527000e-012 0 0 0 0 1.587300e+004 0 0 0 0 0 1
1467222916 70 60 3.617000e-012 0 0 0 0 1.587300e+004 0 0 0 0 0 1
1467222922 80 60 1.279000e-012 0 0 0 0 1.587300e+004 0 0 0 0 0 1
1467222927 90 60 5.370000e-013 0 0 0 0 1.587300e+004 0 0 0 0 0 1
1467222932 100 60 3.330000e-013 0 0 0 0 1.587300e+004 0 0 0 0 0 1
