1467218716 0 60 2.035000e-012 0 0 0 0 1.587300e+004 0 0 0 0 0 1
1467218722 10 60 3.464000e-012 0 0 0 0 1.587300e+004 0 0 0 0 0 1
1467218727 20 60 5.268000e-012 0 0 0 0 1.587300e+004 0 0 0 0 0 1
1467218732 30 60 6.675000e-012 0 0 0 0 1.587300e+004 0 0 0 0 0 1
1467218738 40 60 6.831000e-012 0 0 0 0 1.587300e+004 0 0 0 0 0 1
1467218743 50 60 4.953000e-012 0 0 0 0 1.587300e+004 0 0 0 0 0 1
1467218748 60 60 2.653000e-012 0 0 0 0 1.587300e+004 0 0 0 0 0 1
1467218754 70 60 1.072000e-012 0 0 0 0 1.587300e+004 0 0 0 0 0 1
1467218759 80 60 4.080000e-013 0 0 0 0 1.587300e+004 0 0 0 0 0 1
1467218765 90 60 1.720000e-013 0 0 0 0 1.587300e+004 0 0 0 0 0 1
1467218770 100 60 1.180000e-013 0 0 0 0 1.587300e+004 0 0 0 0 0 1
