1467214823 33 0 5.880000e-013 0 0 0 0 1.587300e+004 0 0 0 0 0 1
1467214828 33 10 1.067000e-012 0 0 0 0 1.587300e+004 0 0 0 0 0 1
1467214834 33 20 1.632000e-012 0 0 0 0 1.587300e+004 0 0 0 0 0 1
1467214839 33 30 2.270000e-012 0 0 0 0 1.587300e+004 0 0 0 0 0 1
1467214844 33 40 3.167000e-012 0 0 0 0 1.587300e+004 0 0 0 0 0 1
1467214850 33 50 4.257000e-012 0 0 0 0 1.587300e+004 0 0 0 0 0 1
1467214855 33 60 4.683000e-012 0 0 0 0 1.587300e+004 0 0 0 0 0 1
1467214861 33 70 3.660000e-012 0 0 0 0 1.587300e+004 0 0 0 0 0 1
1467214866 33 80 2.168000e-012 0 0 0 0 1.587300e+004 0 0 0 0 0 1
1467214871 33 90 1.062000e-012 0 0 0 0 1.587300e+004 0 0 0 0 0 1
