1467189329 51 0 1.395000e-008 0 0 0 0 1.587300e+004 0 0 0 0 0 1
1467189336 51 10 4.097000e-008 0 0 0 0 1.587300e+004 0 0 0 0 0 1
1467189342 51 20 5.771000e-008 0 0 0 0 1.587300e+004 0 0 0 0 0 1
1467189348 51 30 4.048000e-008 0 0 0 0 1.587300e+004 0 0 0 0 0 1
1467189355 51 40 1.504000e-008 0 0 0 0 1.587300e+004 0 0 0 0 0 1
1467189361 51 50 6.400000e-009 0 0 0 0 1.587300e+004 0 0 0 0 0 1
1467189368 51 60 3.580000e-009 0 0 0 0 1.587300e+004 0 0 0 0 0 1
1467189374 51 70 2.110000e-009 0 0 0 0 1.587300e+004 0 0 0 0 0 1
1467189380 51 80 1.220000e-009 0 0 0 0 1.587300e+004 0 0 0 0 0 1
1467189387 51 90 7.100000e-010 0 0 0 0 1.587300e+004 0 0 0 0 0 1
1467189393 51 100 4.500000e-010 0 0 0 0 1.587300e+004 0 0 0 0 0 1
