1467218815 34 0 9.590000e-013 0 0 0 0 1.587300e+004 0 0 0 0 0 1
1467218820 34 10 1.732000e-012 0 0 0 0 1.587300e+004 0 0 0 0 0 1
1467218826 34 20 2.705000e-012 0 0 0 0 1.587300e+004 0 0 0 0 0 1
1467218831 34 30 3.816000e-012 0 0 0 0 1.587300e+004 0 0 0 0 0 1
1467218836 34 40 5.037000e-012 0 0 0 0 1.587300e+004 0 0 0 0 0 1
1467218842 34 50 6.400000e-012 0 0 0 0 1.587300e+004 0 0 0 0 0 1
1467218847 34 60 6.962000e-012 0 0 0 0 1.587300e+004 0 0 0 0 0 1
1467218852 34 70 5.459000e-012 0 0 0 0 1.587300e+004 0 0 0 0 0 1
1467218858 34 80 2.831000e-012 0 0 0 0 1.587300e+004 0 0 0 0 0 1
1467218863 34 90 1.431000e-012 0 0 0 0 1.587300e+004 0 0 0 0 0 1
