1467215032 34 0 5.940000e-013 0 0 0 0 1.587300e+004 0 0 0 0 0 1
1467215037 34 10 1.029000e-012 0 0 0 0 1.587300e+004 0 0 0 0 0 1
1467215042 34 20 1.628000e-012 0 0 0 0 1.587300e+004 0 0 0 0 0 1
1467215048 34 30 2.432000e-012 0 0 0 0 1.587300e+004 0 0 0 0 0 1
1467215053 34 40 3.299000e-012 0 0 0 0 1.587300e+004 0 0 0 0 0 1
1467215059 34 50 4.282000e-012 0 0 0 0 1.587300e+004 0 0 0 0 0 1
1467215064 34 60 4.803000e-012 0 0 0 0 1.587300e+004 0 0 0 0 0 1
1467215069 34 70 3.775000e-012 0 0 0 0 1.587300e+004 0 0 0 0 0 1
1467215075 34 80 2.251000e-012 0 0 0 0 1.587300e+004 0 0 0 0 0 1
1467215080 34 90 1.053000e-012 0 0 0 0 1.587300e+004 0 0 0 0 0 1
