1467216193 0 60 4.540000e-013 0 0 0 0 1.587300e+004 0 0 0 0 0 1
1467216199 10 60 8.650000e-013 0 0 0 0 1.587300e+004 0 0 0 0 0 1
1467216204 20 60 1.433000e-012 0 0 0 0 1.587300e+004 0 0 0 0 0 1
1467216209 30 60 2.061000e-012 0 0 0 0 1.587300e+004 0 0 0 0 0 1
1467216215 40 60 2.112000e-012 0 0 0 0 1.587300e+004 0 0 0 0 0 1
1467216220 50 60 1.617000e-012 0 0 0 0 1.587300e+004 0 0 0 0 0 1
1467216225 60 60 1.015000e-012 0 0 0 0 1.587300e+004 0 0 0 0 0 1
1467216231 70 60 4.030000e-013 0 0 0 0 1.587300e+004 0 0 0 0 0 1
1467216236 80 60 1.600000e-013 0 0 0 0 1.587300e+004 0 0 0 0 0 1
1467216241 90 60 6.000000e-014 0 0 0 0 1.587300e+004 0 0 0 0 0 1
1467216247 100 60 4.800000e-014 0 0 0 0 1.587300e+004 0 0 0 0 0 1
