1467189020 51 0 9.130000e-009 0 0 0 0 1.587300e+004 0 0 0 0 0 1
1467189027 51 10 2.925000e-008 0 0 0 0 1.587300e+004 0 0 0 0 0 1
1467189033 51 20 4.136000e-008 0 0 0 0 1.587300e+004 0 0 0 0 0 1
1467189039 51 30 2.962000e-008 0 0 0 0 1.587300e+004 0 0 0 0 0 1
1467189046 51 40 1.090000e-008 0 0 0 0 1.587300e+004 0 0 0 0 0 1
1467189052 51 50 4.130000e-009 0 0 0 0 1.587300e+004 0 0 0 0 0 1
1467189058 51 60 2.280000e-009 0 0 0 0 1.587300e+004 0 0 0 0 0 1
1467189065 51 70 1.380000e-009 0 0 0 0 1.587300e+004 0 0 0 0 0 1
1467189071 51 80 8.200000e-010 0 0 0 0 1.587300e+004 0 0 0 0 0 1
1467189078 51 90 4.900000e-010 0 0 0 0 1.587300e+004 0 0 0 0 0 1
1467189084 51 100 3.000000e-010 0 0 0 0 1.587300e+004 0 0 0 0 0 1
