1467197670 50 0 4.080000e-009 0 0 0 0 1.587300e+004 0 0 0 0 0 1
1467197676 50 10 1.169000e-008 0 0 0 0 1.587300e+004 0 0 0 0 0 1
1467197682 50 20 1.571000e-008 0 0 0 0 1.587300e+004 0 0 0 0 0 1
1467197689 50 30 1.133000e-008 0 0 0 0 1.587300e+004 0 0 0 0 0 1
1467197695 50 40 4.540000e-009 0 0 0 0 1.587300e+004 0 0 0 0 0 1
1467197701 50 50 2.030000e-009 0 0 0 0 1.587300e+004 0 0 0 0 0 1
1467197708 50 60 1.200000e-009 0 0 0 0 1.587300e+004 0 0 0 0 0 1
1467197714 50 70 6.900000e-010 0 0 0 0 1.587300e+004 0 0 0 0 0 1
1467197720 50 80 3.700000e-010 0 0 0 0 1.587300e+004 0 0 0 0 0 1
1467197727 50 90 2.100000e-010 0 0 0 0 1.587300e+004 0 0 0 0 0 1
1467197733 50 100 1.300000e-010 0 0 0 0 1.587300e+004 0 0 0 0 0 1
