1467192424 51 0 8.410000e-009 0 0 0 0 1.587300e+004 0 0 0 0 0 1
1467192431 51 10 2.463000e-008 0 0 0 0 1.587300e+004 0 0 0 0 0 1
1467192437 51 20 3.732000e-008 0 0 0 0 1.587300e+004 0 0 0 0 0 1
1467192443 51 30 2.531000e-008 0 0 0 0 1.587300e+004 0 0 0 0 0 1
1467192450 51 40 1.038000e-008 0 0 0 0 1.587300e+004 0 0 0 0 0 1
1467192456 51 50 4.590000e-009 0 0 0 0 1.587300e+004 0 0 0 0 0 1
1467192462 51 60 2.580000e-009 0 0 0 0 1.587300e+004 0 0 0 0 0 1
1467192469 51 70 1.440000e-009 0 0 0 0 1.587300e+004 0 0 0 0 0 1
1467192475 51 80 7.800000e-010 0 0 0 0 1.587300e+004 0 0 0 0 0 1
1467192482 51 90 4.400000e-010 0 0 0 0 1.587300e+004 0 0 0 0 0 1
1467192488 51 100 2.600000e-010 0 0 0 0 1.587300e+004 0 0 0 0 0 1
