1467216124 0 60 4.290000e-013 0 0 0 0 1.587300e+004 0 0 0 0 0 1
1467216129 10 60 8.470000e-013 0 0 0 0 1.587300e+004 0 0 0 0 0 1
1467216134 20 60 1.451000e-012 0 0 0 0 1.587300e+004 0 0 0 0 0 1
1467216140 30 60 2.021000e-012 0 0 0 0 1.587300e+004 0 0 0 0 0 1
1467216145 40 60 2.105000e-012 0 0 0 0 1.587300e+004 0 0 0 0 0 1
1467216150 50 60 1.699000e-012 0 0 0 0 1.587300e+004 0 0 0 0 0 1
1467216156 60 60 9.840000e-013 0 0 0 0 1.587300e+004 0 0 0 0 0 1
1467216161 70 60 4.240000e-013 0 0 0 0 1.587300e+004 0 0 0 0 0 1
1467216166 80 60 1.510000e-013 0 0 0 0 1.587300e+004 0 0 0 0 0 1
1467216172 90 60 8.000000e-014 0 0 0 0 1.587300e+004 0 0 0 0 0 1
1467216177 100 60 3.400000e-014 0 0 0 0 1.587300e+004 0 0 0 0 0 1
