1467216309 36 0 2.190000e-013 0 0 0 0 1.587300e+004 0 0 0 0 0 1
1467216314 36 10 3.390000e-013 0 0 0 0 1.587300e+004 0 0 0 0 0 1
1467216320 36 20 5.950000e-013 0 0 0 0 1.587300e+004 0 0 0 0 0 1
1467216325 36 30 1.012000e-012 0 0 0 0 1.587300e+004 0 0 0 0 0 1
1467216330 36 40 1.487000e-012 0 0 0 0 1.587300e+004 0 0 0 0 0 1
1467216336 36 50 2.008000e-012 0 0 0 0 1.587300e+004 0 0 0 0 0 1
1467216341 36 60 2.141000e-012 0 0 0 0 1.587300e+004 0 0 0 0 0 1
1467216347 36 70 1.876000e-012 0 0 0 0 1.587300e+004 0 0 0 0 0 1
1467216352 36 80 1.041000e-012 0 0 0 0 1.587300e+004 0 0 0 0 0 1
1467216357 36 90 5.210000e-013 0 0 0 0 1.587300e+004 0 0 0 0 0 1
