1467197546 0 20 6.300000e-010 0 0 0 0 1.587300e+004 0 0 0 0 0 1
1467197552 10 20 1.000000e-009 0 0 0 0 1.587300e+004 0 0 0 0 0 1
1467197558 20 20 1.900000e-009 0 0 0 0 1.587300e+004 0 0 0 0 0 1
1467197565 30 20 4.140000e-009 0 0 0 0 1.587300e+004 0 0 0 0 0 1
1467197571 40 20 8.210000e-009 0 0 0 0 1.587300e+004 0 0 0 0 0 1
1467197577 50 20 1.128000e-008 0 0 0 0 1.587300e+004 0 0 0 0 0 1
1467197584 60 20 9.020000e-009 0 0 0 0 1.587300e+004 0 0 0 0 0 1
1467197590 70 20 3.740000e-009 0 0 0 0 1.587300e+004 0 0 0 0 0 1
1467197596 80 20 8.600000e-010 0 0 0 0 1.587300e+004 0 0 0 0 0 1
1467197603 90 20 1.600000e-010 0 0 0 0 1.587300e+004 0 0 0 0 0 1
1467197609 100 20 6.000000e-011 0 0 0 0 1.587300e+004 0 0 0 0 0 1
