1467189493 0 20 2.150000e-009 0 0 0 0 1.587300e+004 0 0 0 0 0 1
1467189500 10 20 3.580000e-009 0 0 0 0 1.587300e+004 0 0 0 0 0 1
1467189506 20 20 6.960000e-009 0 0 0 0 1.587300e+004 0 0 0 0 0 1
1467189512 30 20 1.794000e-008 0 0 0 0 1.587300e+004 0 0 0 0 0 1
1467189519 40 20 4.175000e-008 0 0 0 0 1.587300e+004 0 0 0 0 0 1
1467189525 50 20 5.562000e-008 0 0 0 0 1.587300e+004 0 0 0 0 0 1
1467189531 60 20 4.420000e-008 0 0 0 0 1.587300e+004 0 0 0 0 0 1
1467189538 70 20 1.788000e-008 0 0 0 0 1.587300e+004 0 0 0 0 0 1
1467189544 80 20 3.900000e-009 0 0 0 0 1.587300e+004 0 0 0 0 0 1
1467189551 90 20 6.900000e-010 0 0 0 0 1.587300e+004 0 0 0 0 0 1
1467189557 100 20 2.500000e-010 0 0 0 0 1.587300e+004 0 0 0 0 0 1
