1467217811 0 60 8.310000e-013 0 0 0 0 1.587300e+004 0 0 0 0 0 1
1467217816 10 60 1.551000e-012 0 0 0 0 1.587300e+004 0 0 0 0 0 1
1467217822 20 60 2.445000e-012 0 0 0 0 1.587300e+004 0 0 0 0 0 1
1467217827 30 60 3.452000e-012 0 0 0 0 1.587300e+004 0 0 0 0 0 1
1467217832 40 60 3.338000e-012 0 0 0 0 1.587300e+004 0 0 0 0 0 1
1467217838 50 60 2.526000e-012 0 0 0 0 1.587300e+004 0 0 0 0 0 1
1467217843 60 60 1.413000e-012 0 0 0 0 1.587300e+004 0 0 0 0 0 1
1467217848 70 60 6.250000e-013 0 0 0 0 1.587300e+004 0 0 0 0 0 1
1467217854 80 60 2.170000e-013 0 0 0 0 1.587300e+004 0 0 0 0 0 1
1467217859 90 60 9.800000e-014 0 0 0 0 1.587300e+004 0 0 0 0 0 1
1467217864 100 60 5.300000e-014 0 0 0 0 1.587300e+004 0 0 0 0 0 1
