1467192542 0 20 1.710000e-009 0 0 0 0 1.587300e+004 0 0 0 0 0 1
1467192548 10 20 2.740000e-009 0 0 0 0 1.587300e+004 0 0 0 0 0 1
1467192555 20 20 4.840000e-009 0 0 0 0 1.587300e+004 0 0 0 0 0 1
1467192561 30 20 1.114000e-008 0 0 0 0 1.587300e+004 0 0 0 0 0 1
1467192567 40 20 2.583000e-008 0 0 0 0 1.587300e+004 0 0 0 0 0 1
1467192574 50 20 3.731000e-008 0 0 0 0 1.587300e+004 0 0 0 0 0 1
1467192580 60 20 2.949000e-008 0 0 0 0 1.587300e+004 0 0 0 0 0 1
1467192586 70 20 1.228000e-008 0 0 0 0 1.587300e+004 0 0 0 0 0 1
1467192593 80 20 2.570000e-009 0 0 0 0 1.587300e+004 0 0 0 0 0 1
1467192599 90 20 4.700000e-010 0 0 0 0 1.587300e+004 0 0 0 0 0 1
1467192605 100 20 1.700000e-010 0 0 0 0 1.587300e+004 0 0 0 0 0 1
