1467192313 0 20 1.740000e-009 0 0 0 0 1.587300e+004 0 0 0 0 0 1
1467192319 10 20 2.900000e-009 0 0 0 0 1.587300e+004 0 0 0 0 0 1
1467192325 20 20 5.110000e-009 0 0 0 0 1.587300e+004 0 0 0 0 0 1
1467192332 30 20 1.135000e-008 0 0 0 0 1.587300e+004 0 0 0 0 0 1
1467192338 40 20 2.491000e-008 0 0 0 0 1.587300e+004 0 0 0 0 0 1
1467192345 50 20 3.530000e-008 0 0 0 0 1.587300e+004 0 0 0 0 0 1
1467192351 60 20 2.802000e-008 0 0 0 0 1.587300e+004 0 0 0 0 0 1
1467192357 70 20 1.141000e-008 0 0 0 0 1.587300e+004 0 0 0 0 0 1
1467192364 80 20 2.560000e-009 0 0 0 0 1.587300e+004 0 0 0 0 0 1
1467192370 90 20 4.800000e-010 0 0 0 0 1.587300e+004 0 0 0 0 0 1
1467192376 100 20 1.700000e-010 0 0 0 0 1.587300e+004 0 0 0 0 0 1
